42
24
88
41
123
23
170
42
203
23
251
41
285
23
332
42
366
25
412
41
42
87
88
104
124
88
170
104
204
86
251
104
285
86
331
103
367
88
413
103
42
127
89
144
126
126
167
146
204
128
251
144
287
129
331
146
367
128
413
144
42
175
89
192
123
175
170
193
208
175
244
194
283
173
331
194
366
176
415
192
42
218
88
233
126
215
166
234
203
217
250
233
285
215
331
233
367
217
414
232
42
251
90
267
121
251
173
269
204
252
252
268
284
251
334
269
365
252
414
269
43
375
88
393
121
376
169
392
204
376
251
393
284
374
332
392
365
376
414
394
43
409
90
427
124
411
168
430
202
411
252
427
287
411
334
430
363
412
412
427
43
450
88
467
122
450
171
469
204
450
254
468
284
451
333
468
364
451
413
469
43
498
88
516
125
499
173
521
203
497
251
516
289
499
335
517
366
499
413
515
42
538
90
557
122
538
170
556
205
539
249
557
286
540
331
557
366
540
411
558
43
602
87
618
120
602
170
618
203
605
251
619
283
604
331
620
365
602
412
618
